structure(list(weight = structure(c(187, 185, 224, 183, 175, 
184, 198, 192, 180, 182, 194, 194, 192, 179, 183, 227, 194, 224, 
184, 181, 189, 215, 179, 212, 179, 183, 206, 182, 186, 187, 211, 
201, 202, 203, 169, 180, 184, 179, 177, 178, 184, 194, 175, 188, 
192, 186, 183, 179, 185, 216), family = "SN", parameters = c(175, 
20, 5, 0))), row.names = c(NA, -50L), class = c("tbl_df", "tbl", 
"data.frame"))
