structure(list(weight = structure(c(193, 185, 189, 202, 195, 
201, 182, 205, 209, 195, 187, 195, 222, 181, 225, 186, 181, 210, 
181, 207, 185, 194, 188, 180, 183, 209, 206, 191, 180, 190, 175, 
192, 185, 189, 202, 179, 183, 177, 184, 180, 182, 185, 197, 190, 
181, 174, 212, 184, 180, 189), family = "SN", parameters = c(175, 
20, 5, 0))), row.names = c(NA, -50L), class = c("tbl_df", "tbl", 
"data.frame"))
