structure(list(weight = structure(c(183, 182, 183, 187, 189, 
182, 180, 193, 180, 177, 172, 195, 176, 205, 183, 180, 175, 198, 
179, 187, 180, 187, 179, 176, 182, 182, 176, 180, 200, 176, 194, 
183, 184, 176, 192, 183, 176, 176, 185, 189, 184, 200, 176, 177, 
182, 180, 187, 182, 182, 185), family = "SN", parameters = c(175, 
20, 5, 0))), row.names = c(NA, -50L), class = c("tbl_df", "tbl", 
"data.frame"))
