structure(list(replicate = 1:1000, mean_weight = c(187.68, 189.08, 
188.14, 188.06, 193.54, 190.22, 192.88, 188.48, 189.24, 188.22, 
188.7, 189.52, 190.02, 191.74, 190.88, 191.18, 189.18, 190.04, 
190.88, 188.28, 192.5, 187.8, 188.28, 192.24, 188.16, 189.68, 
191.16, 191.74, 188.34, 189.9, 187.18, 190.04, 186.22, 189.88, 
190, 189.82, 188.78, 187.94, 188.88, 186.24, 188.6, 191, 190.38, 
188.6, 191.32, 189.08, 188.96, 189.3, 190.98, 186.82, 188.1, 
189.86, 188.92, 189.22, 194.48, 188.92, 192.96, 189.96, 190.5, 
192.02, 186.82, 189.06, 186.84, 190, 189.52, 190.32, 192.62, 
191.82, 191.58, 188.64, 189.88, 191.64, 189.84, 191.86, 188.28, 
190.28, 190.66, 186.74, 190.5, 190.9, 187.98, 190.92, 191.36, 
189.1, 189.7, 188.44, 190.12, 189.7, 190.68, 188.98, 189.34, 
189.86, 188.28, 187.54, 189.08, 190.8, 190.02, 191.46, 191.62, 
189.92, 192.36, 192.46, 188.6, 191.18, 187.56, 188.12, 188.64, 
190.74, 188.22, 190.06, 190.8, 191.24, 188.34, 192.28, 189.3, 
187.08, 190.96, 196.1, 189.04, 187.98, 190.64, 187.62, 188.54, 
193.88, 188.06, 191.6, 191.6, 189.56, 189.66, 189.26, 190, 192.82, 
189.86, 190.32, 191.22, 191.98, 188.38, 191.96, 189.86, 189.08, 
186.26, 193.82, 188.98, 188.8, 188.18, 190.08, 194.74, 189.64, 
190.96, 186.84, 190.24, 193.86, 189.22, 187.3, 187.86, 188.42, 
188.46, 192.18, 189.92, 189.5, 193.5, 190.76, 190.58, 190.84, 
188.46, 192.14, 189.94, 188.24, 189.48, 191.58, 190.38, 187.06, 
192.52, 191.84, 194.44, 193.26, 191.42, 194.86, 192.08, 192.34, 
190.38, 187.08, 192.98, 190.5, 190.32, 192.18, 188.76, 191.84, 
187.7, 190.3, 192.16, 188.36, 188.14, 188.78, 189.5, 189.6, 188.62, 
188.68, 192.84, 191.44, 192.24, 186.64, 188.82, 189.54, 190.98, 
188.2, 189.62, 191.98, 188.98, 192.08, 190.38, 191.02, 190.72, 
188.74, 189.98, 192.2, 189.76, 188, 190.84, 193.06, 192.1, 191.34, 
192.28, 189.8, 191.96, 188.56, 190.74, 190.82, 189.74, 188.44, 
189.76, 187.5, 191.76, 192.32, 187.74, 192.98, 190.16, 190.16, 
188.64, 188.84, 192.46, 190.14, 190.06, 190.72, 189.8, 190.62, 
189.98, 186.1, 189.88, 187.16, 192.78, 191.12, 192.1, 190.22, 
189.64, 189.16, 190.88, 189.1, 190.4, 190.08, 195.56, 189.16, 
188.8, 192.84, 190, 188.26, 188.58, 187.32, 188.44, 191.42, 189.4, 
192.5, 188.68, 190.62, 186.24, 192.04, 189.52, 189.6, 189.68, 
192, 191.14, 189.86, 189.96, 191.98, 191.16, 188.8, 190.62, 189.16, 
189.84, 189.54, 188.94, 190.48, 187.66, 191.34, 190.26, 189.86, 
191.54, 189.76, 190.52, 188.84, 189.64, 190.24, 190.52, 191.98, 
188.12, 191, 190.72, 192.38, 189.06, 190.44, 193.18, 189.48, 
189.9, 189.2, 190.16, 192.32, 188.82, 190.66, 189.48, 188.52, 
190.72, 186.44, 189.1, 189.24, 187, 190.26, 189.7, 192.56, 188.9, 
189.94, 191, 191.3, 188.76, 192.02, 193.48, 191.42, 191.08, 188.14, 
189.62, 192.62, 187.9, 191.18, 192, 193.96, 188.36, 189.72, 191.94, 
191.82, 189.9, 190.02, 189.58, 189.4, 188.64, 188.54, 191.06, 
189.48, 189.36, 186.36, 194.74, 188.72, 188.4, 192.02, 191, 190.28, 
189.58, 189.76, 190.26, 187.58, 189.58, 188.24, 189.36, 190.94, 
191.56, 187.08, 189.38, 188.18, 187.68, 188.66, 189.6, 190.5, 
187.5, 189.44, 191.22, 187.82, 191.24, 190.18, 191.92, 192.06, 
189.4, 189.24, 187.04, 189.44, 189.5, 186.96, 191.88, 189.28, 
192.76, 188.82, 189.52, 189.3, 188.62, 189.04, 189.44, 190.48, 
190.28, 188.42, 191.74, 189.12, 192.02, 190.78, 191.44, 190, 
191.98, 190.34, 189.18, 190.02, 190.34, 190.22, 189.38, 192.96, 
189.66, 185.9, 190.08, 190.26, 191.6, 187.94, 190.86, 189.68, 
189.4, 192.98, 190.24, 189.02, 188.8, 190.84, 187.24, 188.4, 
190.68, 192.68, 187.86, 193.52, 190.2, 190.18, 188.52, 187.98, 
191.34, 189.2, 188.96, 189.34, 188.44, 191.56, 188.5, 188.62, 
188.94, 191.48, 191, 190.52, 190.12, 190.02, 186.08, 189.4, 189.54, 
192.72, 190.8, 189.34, 192.24, 191.88, 188.02, 190.82, 191.88, 
189.94, 191.38, 185.98, 189.32, 188.52, 192.94, 191.54, 192.64, 
191.1, 187.76, 189.16, 188.18, 188.62, 187.76, 192.44, 189.88, 
192.46, 190.44, 190.68, 189.5, 186.6, 187.84, 193, 189.66, 188.96, 
191.54, 189.56, 190.08, 188.46, 190.48, 188.72, 190.78, 186.96, 
191.2, 184.82, 192.74, 188.48, 188.7, 188.78, 190.32, 190.16, 
189.94, 192.82, 190.06, 190.84, 189.34, 186.84, 189.86, 190.64, 
189.56, 194.5, 188.98, 190.16, 189.26, 188.86, 190.04, 188.52, 
189.78, 188.28, 188.14, 190.84, 193.24, 187.8, 191.3, 187.6, 
188.38, 188.2, 193.32, 191.08, 190.1, 189.9, 191.3, 187.1, 189.96, 
192.52, 188.52, 188.12, 191.84, 189.32, 190.28, 191.66, 190.54, 
192.22, 187.54, 191.52, 192.34, 189.12, 192.16, 188.02, 190.46, 
193.54, 188.5, 189.04, 191.34, 190.96, 188.08, 188.94, 191.92, 
191.32, 190.74, 185.56, 191.14, 190.48, 188.16, 193.04, 192.7, 
188.1, 190.46, 189.68, 189.98, 190.04, 194.6, 188.7, 188.12, 
191.3, 191.76, 191.94, 192.22, 190.04, 191.1, 192.86, 189.12, 
192.9, 192.08, 188.72, 191.36, 190.16, 192.08, 190.3, 189, 189.66, 
189.32, 190.54, 191.92, 188.46, 190.06, 191.44, 190.08, 189.12, 
191.04, 191.52, 187.5, 192.22, 193.68, 187.72, 188.96, 191.12, 
189.8, 193.58, 191.42, 191.14, 188.62, 188.94, 190.76, 192.2, 
188.94, 189.78, 191.32, 190.26, 190.14, 189.34, 189.62, 189, 
190.42, 190.66, 190.46, 190.2, 189.12, 189.74, 193.66, 190.82, 
188.36, 189.06, 191.18, 189.96, 190.84, 189.68, 190.22, 190.4, 
191.86, 190.58, 192.16, 189.4, 188.94, 189.96, 189.16, 191.96, 
188.92, 189.74, 190.42, 191.4, 191.46, 189.6, 188.2, 190.26, 
191.38, 189.38, 188.94, 190.04, 191.94, 192.96, 190.16, 192.28, 
191.04, 192.58, 192.4, 189.46, 194.2, 188.56, 190.4, 191.36, 
189.06, 186.5, 188.98, 189.6, 191.52, 191.64, 188.08, 188.44, 
187.76, 189, 189.86, 189.64, 186.34, 187.74, 188.62, 189.5, 191.56, 
190.24, 187.52, 191.86, 190.52, 188, 189.72, 191.76, 187.52, 
189.86, 190.66, 190.26, 189.12, 185.74, 187.92, 190.68, 188.7, 
190.74, 187.62, 188.74, 191.8, 191.08, 188.06, 193.16, 192.14, 
189.48, 188.32, 189.94, 187.26, 189.58, 186.86, 188.28, 190.12, 
189.7, 189.68, 189.86, 190.6, 190.48, 195.04, 190.68, 191.08, 
190.68, 191.18, 187.96, 190.06, 189.64, 193.04, 187.52, 190.72, 
188.74, 189.38, 191.26, 191.54, 189.28, 192.72, 188.04, 190.16, 
190.92, 189.88, 189.9, 190.4, 191.86, 190.34, 191.8, 188.7, 189.08, 
189.26, 188.72, 187.72, 190.56, 191.58, 191.72, 191.42, 191.06, 
189.06, 194.16, 193.98, 191.3, 190.86, 187.8, 193.58, 190.48, 
192.08, 191.52, 188.38, 190.66, 192.6, 188.22, 187.34, 187.06, 
194.12, 191.06, 192.7, 190.12, 189.92, 192.68, 190.72, 191.22, 
191.88, 189.92, 188.7, 190.1, 188.5, 187.14, 190.44, 190.2, 190.52, 
191.24, 186.64, 189.96, 188.26, 186.6, 191.22, 189.02, 189.96, 
187.66, 191.32, 189.7, 190.32, 191.42, 193.94, 192.22, 191.18, 
187.64, 189.36, 189.1, 192.36, 189.86, 189.4, 188.96, 192.48, 
191.08, 192.56, 189.82, 187.92, 192.64, 193.16, 188.22, 188.16, 
192.12, 189.28, 190.12, 190.66, 190.16, 188.42, 189.08, 187.36, 
187.06, 191.3, 192.08, 191.2, 192.82, 187.68, 189.46, 189.54, 
190.28, 190.02, 190.54, 190.02, 188.62, 188.56, 189.72, 190.64, 
189.84, 190.78, 190.96, 190.32, 191.54, 189.86, 188.4, 191.02, 
188.46, 189.84, 190.58, 190.16, 193.92, 187.12, 191.26, 187.56, 
194.16, 190.16, 191.14, 191.9, 188.06, 189.12, 190.94, 188.74, 
189.24, 190.06, 189.4, 188.94, 191.3, 190.12, 190.9, 191.66, 
188.96, 190.48, 189.98, 191.42, 189.62, 190.64, 187.62, 189.68, 
189.98, 187.98, 189.04, 189.86, 189.78, 190, 192.48, 194.84, 
189.24, 188.2, 190.52, 192.08, 188.48, 189.84, 187.88, 190.58, 
189.02, 189.38, 187.66, 187.86, 186.78, 187.26, 189.68, 192.16, 
190.06, 191.26, 192.24, 189.62, 190.22, 189.34, 192.42, 189.1, 
190.28, 190.62, 189.42, 189.18, 191.92, 191.06, 192.8, 191.56, 
186.68, 192.78, 189.36, 191.72, 191.62, 193.14, 189.42, 191.36, 
191, 188.92, 192.14, 191.4, 189.98, 189.1, 192.44, 189.2, 193.04, 
188.5, 188.56, 189.9, 191.78, 190.76, 190.52, 188.74, 188.12, 
190.48, 191.6, 189.54, 194.2, 190.82, 190.04, 189.88, 187.24, 
192.6, 191.24, 186.3, 186.78, 188.98, 190.3, 187.98, 191.62, 
190.86, 191.74, 188.76, 189.54, 188.76, 190.86, 192.64, 190.86, 
190.06, 189.82, 191.06, 189.18, 189.56, 194.6, 190.5, 190.5, 
190.72, 191.6, 189.68, 192.32)), row.names = c(NA, 1000L),