structure(list(replicate = 1:1000, mean_weight = c(188.68, 186.62, 
192.3, 191.46, 189.28, 187.78, 190.66, 187.32, 190.28, 190.22, 
190.78, 192.2, 188.96, 188.5, 189.86, 195.52, 188.66, 189.8, 
190.34, 192.06, 190.94, 191.12, 192.68, 188.28, 187.5, 193.62, 
190.38, 190.98, 191.16, 191.34, 189.9, 190.8, 189.54, 190.14, 
184.92, 189.4, 194.24, 196.54, 191.14, 190.96, 188.82, 188.98, 
190.9, 188.9, 187.06, 189.86, 189.62, 191.42, 193.64, 188.9, 
189.94, 189.78, 190.72, 191.36, 185.6, 191.58, 191.98, 190.38, 
190.2, 184.94, 188.24, 193.92, 190.84, 188.06, 190.02, 190.32, 
191.48, 190.06, 190.4, 190.96, 193.42, 186.66, 185.82, 191.06, 
188.48, 187.88, 189.5, 191.44, 188.26, 187.86, 188.56, 188.74, 
191.76, 190.44, 190.42, 190.56, 189.32, 189.7, 192.48, 191.26, 
191.9, 191.4, 189.78, 187.28, 188.88, 190.7, 191.36, 187.06, 
189.7, 189.9, 185.42, 190.94, 190.78, 188.74, 192.28, 188.44, 
188.14, 188.32, 190.92, 189.12, 191.18, 192.88, 188.36, 190.36, 
187.08, 189.56, 190.64, 194.08, 188.22, 190.54, 189.62, 187.92, 
190.92, 189.62, 189.44, 191.26, 191.24, 188.22, 186.7, 189.92, 
190.58, 191.06, 188.54, 190.5, 187.92, 188.32, 192.72, 190.32, 
190.94, 189.22, 188.7, 190.6, 192.96, 189.98, 188.14, 190.78, 
189.64, 191.34, 187.72, 192.34, 191.96, 189.3, 188.28, 192.08, 
190.86, 186.84, 189.4, 190.12, 188.8, 189.92, 191.46, 190.44, 
190.62, 193.28, 187.78, 191.56, 188.5, 191.36, 189.58, 191.22, 
192.4, 190.64, 188.18, 191.58, 189.98, 188.46, 191, 192.18, 191.14, 
188.64, 189.32, 188.96, 188.4, 186.84, 190.46, 193.4, 189.08, 
189.32, 190.26, 191.74, 189.62, 188.52, 188.1, 188.8, 193.26, 
189.02, 189.46, 185.12, 186.08, 193.9, 189.44, 190.88, 191.14, 
190.24, 188.96, 192.22, 188.12, 190.44, 193.46, 188.56, 187.98, 
192.52, 191.32, 190.16, 193.74, 192.62, 190.14, 190.66, 186.78, 
192.16, 188.08, 192.92, 189.3, 192.06, 192.64, 189.72, 191.48, 
189.98, 191, 188.02, 190.24, 191.68, 191.74, 192.9, 190.68, 190.2, 
189.28, 190.42, 188.94, 191.14, 190.12, 190.76, 192.84, 188.96, 
190.4, 191.4, 192.06, 190.28, 192.28, 191.32, 192.04, 190.2, 
190.22, 190.22, 191.68, 189.7, 192.22, 191.72, 192.02, 189.94, 
191.08, 189.52, 190.44, 193.72, 190.32, 190.42, 191.5, 191, 189.68, 
189.74, 189.96, 191.08, 186.68, 188.88, 192.48, 189.92, 189.3, 
191.04, 190.78, 186.92, 187.92, 191.42, 187.38, 192.36, 189.96, 
190.46, 189.36, 192.04, 188.32, 190.88, 191.2, 190.3, 190.96, 
191.16, 189.38, 191.94, 191.84, 192.44, 189.68, 190.28, 190.88, 
189.26, 187.56, 191.72, 190, 190.04, 190.04, 195, 194.42, 186.46, 
191.12, 189.76, 189.4, 192.42, 192.04, 185.98, 189.06, 193.32, 
188.34, 190.02, 189.82, 192.62, 190.68, 190.16, 192.78, 187.92, 
191.66, 190.16, 186.1, 187.54, 189.8, 191.02, 190.74, 190.04, 
190.92, 189.34, 189.96, 193.28, 187.56, 190.74, 188.72, 189.62, 
190.36, 190.82, 190.48, 190.44, 192.08, 189.68, 190.28, 190.62, 
190.18, 187.58, 191.1, 188.92, 189.42, 189.38, 192.82, 192.58, 
190.96, 191.88, 192.14, 189.16, 189.76, 192.78, 187.68, 191.16, 
190.7, 189.32, 188.96, 189.2, 191.62, 189.84, 187.96, 188.52, 
187.46, 189.24, 188.98, 190.9, 187.72, 189.08, 190.94, 188.92, 
190.62, 189.6, 190.38, 193.78, 190.12, 190.96, 190.84, 187.54, 
187.58, 191.94, 189.84, 192.16, 190.06, 191.32, 188.76, 191.2, 
188.76, 193.4, 187.8, 188.88, 188.96, 190.88, 193.04, 192.88, 
192.34, 187.54, 191.98, 188.2, 190.74, 189.74, 189.64, 189.58, 
191.96, 189.38, 189.68, 191.98, 193.5, 187.88, 189.86, 190.86, 
188.04, 190.28, 189.32, 189.9, 193.12, 189.82, 191.08, 188.24, 
189.68, 186.48, 190.98, 187.34, 188.46, 190.24, 189.3, 190.02, 
191.08, 189.7, 190.5, 190.42, 191.28, 188.12, 190.42, 191.4, 
188, 192.02, 189.34, 191.06, 191.38, 193.38, 186.62, 188.52, 
190.4, 190.26, 191.72, 188.94, 190.48, 190.42, 190.42, 187.8, 
191.1, 190.3, 187.16, 190.58, 188.78, 193.26, 191.08, 187.66, 
188.12, 189.24, 187.3, 187.96, 192.7, 190.7, 188.26, 191.36, 
189.7, 190.82, 189.7, 190.66, 190.62, 188.24, 191.5, 188.56, 
192.28, 187.6, 191.14, 190.34, 192.24, 191.82, 188.34, 188.8, 
192.1, 189.78, 191.18, 188.88, 190.68, 188.6, 188.3, 190.22, 
189.5, 188.28, 190.56, 189.3, 190.9, 190.9, 187.28, 188.14, 187.46, 
190.42, 189.9, 192.14, 190.24, 189.96, 187.98, 193.7, 187.6, 
188.3, 187.88, 187.02, 190.7, 190.38, 191.74, 190.24, 186.22, 
186.14, 193.26, 191.3, 189.9, 190.5, 189.98, 186.96, 189.82, 
190.18, 191.44, 190.76, 187.86, 191.1, 193.02, 189.2, 189.96, 
190.68, 190.98, 192.94, 192.56, 188.72, 190.12, 190.14, 189.08, 
189.8, 192.3, 192.6, 186.58, 190.08, 190.1, 188.6, 188.66, 191.48, 
189.12, 190.3, 190.66, 188.56, 192.24, 190.24, 190.36, 189.68, 
189, 189.12, 192.2, 191.82, 191.08, 190, 189.96, 190.54, 186.58, 
187.04, 187.52, 190.46, 189.56, 189.62, 189.68, 190.76, 190.08, 
189.44, 186.3, 193.34, 190.08, 191.54, 189.62, 191.06, 192, 189.22, 
190.64, 188.96, 186.5, 190.38, 189.32, 189.64, 188.68, 186.46, 
187.96, 188.4, 189.7, 189.8, 192.08, 191.44, 189.54, 191.78, 
191.22, 190.92, 188.4, 191.14, 188.34, 191.36, 191.02, 189.96, 
187.14, 189.32, 191.86, 190.9, 190.4, 191.72, 187.6, 191.1, 192.58, 
191.14, 191.62, 188.12, 189.38, 189.24, 188.54, 188.54, 186.96, 
192.7, 190.86, 191.08, 189.78, 191.84, 192.02, 191.02, 191.1, 
190.32, 191.46, 192.8, 190.72, 188.52, 188.44, 187.86, 188.66, 
188.7, 190.74, 190.08, 191.14, 190.98, 191.62, 190.24, 188.36, 
185.78, 192.14, 187.92, 191, 189.1, 192.04, 190.6, 188.36, 190.36, 
191.46, 188.6, 188.82, 185.8, 190.62, 189.02, 192.76, 189.54, 
189.32, 189.46, 188.22, 187.3, 193.1, 188.4, 187.44, 190.6, 193.4, 
192.12, 190.12, 190.44, 187.84, 191.78, 189.64, 191.9, 190.92, 
191.38, 190.98, 186.42, 188.72, 188.62, 192.48, 188.74, 189.64, 
189.44, 190.5, 191.72, 186.58, 189.42, 188.52, 191.1, 190.72, 
186.88, 188.6, 186.54, 191.52, 189.92, 191.66, 190.66, 188.96, 
192.22, 188.36, 188.4, 189.54, 188.66, 189.06, 189.22, 189.98, 
190.6, 186.6, 187.46, 185.86, 186.42, 189.44, 189.64, 187.88, 
192.56, 191.86, 190.1, 187.04, 189.14, 189.78, 189.12, 187.92, 
190.18, 189.6, 189.4, 188.76, 189.22, 190.98, 190.38, 187.82, 
190.82, 190.4, 192.2, 193.48, 188.96, 190.3, 190.58, 188.46, 
187.56, 190.44, 189.54, 189.78, 191.2, 188.76, 190.72, 189.74, 
189.88, 193.06, 189.98, 186.82, 190.36, 187.38, 188.22, 189.14, 
191.66, 194.04, 188.48, 188.22, 189.04, 189.96, 192.38, 188.22, 
187.66, 190.12, 187.3, 185.66, 192.96, 187.6, 190.54, 189.96, 
186.18, 191.42, 189.28, 192.66, 188.4, 188.32, 192.08, 188.38, 
187.36, 189.9, 190.84, 194.22, 189.04, 189.64, 188.28, 189.66, 
192.06, 190.94, 191.38, 188.58, 188.84, 188.46, 188.84, 190.86, 
188.62, 188.86, 190.32, 189.24, 191.64, 191.68, 186.6, 191.98, 
192.36, 189.74, 187.58, 188.06, 190.4, 190.56, 194.18, 192.06, 
191.96, 191.58, 187.32, 190.12, 193.52, 189.18, 189.02, 191.54, 
192.18, 188.36, 189.06, 192.6, 190.7, 187.86, 190.42, 193, 194, 
189.36, 191.02, 187.72, 189.26, 188.06, 191.18, 190.22, 190.12, 
192.08, 190.7, 188.1, 191.16, 190.54, 193.48, 189.86, 192.46, 
191.44, 189.38, 190.78, 190.08, 190.14, 191.06, 190.34, 189.54, 
193.76, 190.12, 189.88, 190.7, 190.92, 192.66, 188.98, 192.56, 
188.62, 186.92, 190.62, 188.46, 188.64, 191.22, 189.28, 186.56, 
190.82, 188.94, 189.88, 188.14, 187.66, 193.4, 189.76, 189.98, 
193.92, 194.18, 189.54, 188.38, 188.92, 189.14, 188.76, 186.84, 
191.5, 190.32, 188.96, 190.9, 186.98, 192.92, 184.4, 191.7, 193.18, 
188.9, 192.08, 190.7, 191.52, 188.38, 188.56, 189.76, 189.76, 
190.68, 188.48, 190.08, 191.62, 188.74, 191, 187.32, 193.6, 188.44, 
189.42, 187.04, 188.48, 192.8, 192.9, 191.24, 193.32, 189.14, 
189.26, 193.24, 186.02, 190.66, 191.08, 190.98, 193.94, 188.42, 
189.74, 190.58, 189.68, 186.34, 193.96, 190.86, 189.86, 186.82, 
191.24, 190.8, 190.64, 190.84, 192.12, 190.42, 190.14, 189.78, 
189.94, 189.88, 190.6, 192.12, 188.72, 188.72, 185.86, 193.6, 
189.14, 191.62, 189.04, 189.6, 189.92, 188.64, 194.4, 190.76, 
190.66, 190.74, 190.56, 188.7, 190.7, 190.04, 192.84, 191.86, 
187.96, 191.16, 189.84, 188.82, 190.8, 188.88, 188.54, 190.08, 
189.26, 190.32, 188.86, 191.24, 191.7, 189.26, 191.4, 189.54)), row.names = c(NA, 
1000L),