structure(list(weight = structure(c(183, 199, 180, 175, 186, 
210, 210, 221, 191, 189, 186, 216, 183, 190, 177, 179, 183, 184, 
210, 203, 197, 173, 188, 175, 198, 184, 197, 216, 180, 175, 216, 
210, 216, 199, 180, 179, 171, 198, 171, 173, 195, 175, 189, 178, 
186, 175, 192, 221, 197, 216), family = "SN", parameters = c(175, 
20, 5, 0))), row.names = c(NA, -50L), class = c("tbl_df", "tbl", 
"data.frame"))
