structure(list(replicate = 1:1000, weight_avrg = c(187.3, 190.26, 
192.24, 188.04, 188.46, 186.88, 190.22, 189.96, 191.2, 188.72, 
191.02, 188.06, 191.44, 192.6, 185.56, 185.18, 189.7, 190.7, 
189.96, 191.18, 187.94, 190.96, 191.38, 190.54, 187.22, 190.18, 
188.48, 190.1, 188.94, 189.72, 192.1, 189.8, 190.88, 188.46, 
185.66, 191.78, 187.48, 191.36, 191.12, 187.6, 188.28, 191.42, 
189.82, 191.28, 191.26, 189.9, 191.54, 191.28, 186.34, 192.34, 
187.3, 189.92, 191.36, 188.34, 192.24, 187.6, 189.08, 188.96, 
189.22, 190.04, 193.2, 189.62, 190.18, 190.2, 190.24, 192.18, 
190.9, 190.1, 187, 187.34, 189.22, 191.22, 187.52, 187.42, 190.64, 
192.44, 190.06, 188.28, 191.52, 192.24, 194.08, 190.76, 189.34, 
189.7, 186.38, 190.82, 190.14, 188.86, 191.9, 188.76, 193.36, 
190.64, 190.06, 188.7, 187.92, 191.6, 189.26, 189.82, 189.82, 
189.46, 188.1, 190.4, 192.54, 189.22, 189.5, 191.72, 189.98, 
191.1, 190.26, 186.5, 190.76, 191.8, 189.34, 192, 190.8, 189.7, 
189.84, 189.22, 193.06, 189.18, 186.16, 190.26, 191.12, 188.68, 
188.58, 189.7, 190.38, 187.66, 189.02, 189.38, 188.76, 188.3, 
191.82, 186.74, 188.3, 189.58, 189.5, 192.64, 190.94, 192.16, 
191.9, 186.12, 195.12, 189.32, 189.68, 189.92, 193.42, 186.64, 
192.58, 192.76, 190.64, 192.62, 189.98, 188.5, 190.96, 188.24, 
187.52, 188.92, 193.38, 189.16, 189.98, 190.06, 188.9, 189.24, 
196.42, 188.76, 192.74, 190.04, 187.84, 190.56, 186.66, 193.64, 
188.76, 189.2, 190.88, 188.28, 189.12, 190.76, 188.88, 190.3, 
187.92, 192.7, 188.66, 188.7, 186.62, 189.68, 186.98, 193.34, 
188.5, 190.42, 194.08, 185.62, 191.32, 189.96, 187.88, 191.74, 
190.82, 189.9, 188.72, 188.34, 189.84, 187.22, 190.14, 190.3, 
190.9, 188.38, 187.62, 188.68, 188.08, 192.4, 188.46, 192.32, 
187.8, 190.14, 189.14, 190.94, 190.78, 188.88, 187.22, 187.72, 
186.94, 185.28, 186.1, 192.78, 189.5, 189.9, 188.8, 188.7, 189.18, 
192.3, 190.5, 190.3, 188.86, 190.16, 190.8, 190.32, 187.2, 188.04, 
190.52, 191.02, 191.36, 190.2, 188.36, 190, 188.52, 189.78, 190.38, 
186.1, 189.76, 187.04, 189.88, 193.28, 192.86, 191.52, 189.46, 
191.22, 193.26, 186.86, 188.94, 187.48, 190.92, 191.3, 189.8, 
187.58, 192.06, 189.7, 188.98, 190.1, 186.22, 189.5, 190.24, 
191.14, 191.16, 192.68, 192.54, 193, 190.06, 185.98, 188.52, 
188.24, 188.28, 190.56, 190.54, 191.12, 190.46, 190.72, 186.12, 
191.66, 191.8, 192, 189.14, 191.36, 187.04, 188.08, 189.84, 188.8, 
189.58, 190.82, 189.1, 192.26, 192, 192.9, 191.52, 189.94, 191.2, 
187.6, 191.56, 190.22, 189.18, 189.16, 187.34, 187.76, 191.28, 
190.16, 185.96, 191.8, 190.56, 188.9, 192.24, 189.88, 188.58, 
186.66, 189.44, 191.2, 190.8, 193.68, 191.44, 190.92, 188.98, 
193.14, 189.08, 192.92, 191.1, 190.92, 190.82, 195.18, 190.76, 
186.7, 188.02, 191.94, 189.6, 188.68, 189, 192.8, 192.16, 191.28, 
190.84, 188.5, 187.94, 185.12, 188.42, 189.94, 188.28, 188.3, 
191.26, 190.34, 190.08, 191.84, 190.34, 188.88, 188.84, 193.8, 
187.92, 192.12, 190.46, 190.66, 184.24, 185.78, 191.92, 188.3, 
188.4, 194.14, 191.98, 189.84, 192.18, 189.56, 191.2, 193.78, 
189.24, 195.28, 191.46, 190.68, 189.5, 189.46, 188.52, 192.62, 
191.22, 192.16, 192.16, 190.42, 187.54, 191.32, 190.06, 187.98, 
187.66, 190.28, 189.92, 188.98, 189.72, 188.46, 190.1, 191.24, 
190.4, 190.18, 190.34, 188.88, 190.06, 191.16, 189.44, 189.76, 
193.76, 188.58, 187.8, 188.48, 190.48, 191.7, 190.12, 186.1, 
191.26, 190.18, 188.8, 189.48, 189, 189.28, 190.14, 190.2, 190.06, 
189.72, 189.06, 192.56, 193.36, 189.38, 192.5, 189.38, 189.64, 
189.28, 192.14, 192.04, 192.08, 190.08, 190.5, 192.38, 190.14, 
192.8, 187.34, 189.24, 191.84, 193.58, 188.56, 191.44, 190.42, 
188.46, 189.32, 189.78, 189.26, 191.08, 190.66, 192.34, 192.18, 
189.92, 185.9, 190.76, 190.8, 190.08, 191.06, 187.64, 188.8, 
188.66, 189.7, 190.86, 187.64, 195.18, 188.3, 189.22, 188.34, 
189.16, 188.66, 189.9, 193.88, 191.58, 190.16, 191.84, 185.56, 
192.24, 189.96, 190.94, 187.52, 189.08, 190.32, 187.5, 188.2, 
189.1, 191.56, 187.86, 187.86, 187.82, 189.86, 188.06, 192.04, 
190.1, 189.74, 189.34, 189.54, 191.64, 192.86, 191.2, 191.54, 
187.56, 190.34, 192.68, 191.82, 194.08, 188.56, 189.5, 190.44, 
191.3, 191.58, 190.24, 190.32, 189.42, 186.54, 190.22, 188.78, 
188.92, 189.64, 190.62, 191.5, 192.94, 191.36, 191.34, 189.04, 
188.98, 189.22, 190, 190.46, 190.16, 188.96, 190.86, 190.46, 
193.46, 189.62, 189.52, 190.64, 190.48, 192.98, 188.76, 189.92, 
189.86, 189.76, 192.24, 192.38, 188.32, 189.22, 192.98, 188.48, 
191.02, 190.24, 190.26, 189.58, 191.82, 192.78, 190.16, 191.58, 
192.02, 188.16, 189.14, 187.76, 187.78, 189.88, 191.56, 188.54, 
190.98, 190.54, 188.96, 188.04, 186.94, 188.66, 189.22, 191.78, 
191.02, 189.08, 189.42, 187.86, 191.76, 189.32, 190.38, 188.2, 
191.6, 193, 189.38, 189.98, 191.7, 189.78, 191.78, 185.38, 187.78, 
192.22, 189.26, 190.44, 186.24, 190.6, 188.52, 187.98, 188.7, 
189.44, 190.36, 191.86, 187.58, 188.34, 191.06, 190.66, 188.48, 
191.58, 191.54, 195.36, 190.42, 190.54, 191.42, 189.42, 189.12, 
192.24, 190.82, 190.58, 189.3, 191.06, 192.14, 191.24, 188.82, 
189.32, 189.38, 189.02, 190.52, 189.82, 189.18, 189.86, 189.72, 
188.64, 190.82, 186.52, 190.9, 189.14, 189.2, 190.02, 188.6, 
193.28, 189.52, 188.94, 189.78, 192.36, 190.8, 192.16, 189.08, 
188.96, 188.72, 190.5, 191.42, 190.46, 187.64, 191, 189.82, 191.32, 
191.92, 193.06, 190.76, 191.12, 188.22, 189.04, 191.48, 189.1, 
191.28, 188.52, 190.54, 189.42, 191.8, 188.9, 192.52, 189.2, 
192.52, 189.46, 190.36, 188.12, 189.42, 189.66, 188.36, 188.98, 
192.62, 190.52, 187.9, 190.7, 187.72, 191.14, 189.88, 188.24, 
188.12, 191.06, 192.32, 188.12, 187.84, 187.62, 192.12, 191.78, 
192.96, 189.2, 190.02, 194.66, 192.18, 187.14, 189.9, 188.4, 
187.92, 192.08, 191.62, 189.46, 193.86, 189.44, 191.3, 186.82, 
190.78, 187.4, 191.56, 191.64, 190.98, 193.06, 189.22, 187.7, 
187.5, 192.84, 189.9, 188.64, 187.58, 192.2, 186.98, 190.58, 
187.64, 191.66, 192.6, 186.44, 187.58, 187.6, 188.48, 191.54, 
190.24, 190.92, 189.6, 190.24, 190.94, 188, 190.56, 189.16, 190.08, 
188.58, 188.22, 190.84, 189.92, 189.32, 187.82, 191.1, 187.28, 
190.64, 190.94, 189.68, 192.76, 189.56, 190.3, 188.1, 191.86, 
186.6, 191.14, 190.4, 189.58, 192.32, 191.38, 187.9, 190.16, 
186.56, 192.34, 189.66, 191.68, 190.62, 193.54, 189.94, 191.26, 
189.96, 184.9, 186.38, 192.2, 191.42, 191.56, 188.98, 190.86, 
188.42, 190.82, 190.32, 187.1, 188.4, 192.22, 189.2, 189.06, 
189.72, 190.58, 190.32, 187, 188.1, 188.82, 189.76, 191.2, 190.44, 
188.6, 193.66, 191.76, 190.34, 189.32, 187.8, 190.16, 189.34, 
185.72, 189.66, 189.7, 191.28, 187.02, 189.24, 190.66, 193.46, 
189.6, 188.78, 190.62, 189.26, 194.1, 192.58, 191.04, 190.06, 
190.54, 191.54, 191.04, 189.34, 188.54, 191.98, 189.56, 189.04, 
188.68, 189.26, 191.34, 191.74, 188.34, 192.1, 189.72, 191.58, 
187.88, 194.06, 189.28, 191.2, 188.46, 190.14, 190.54, 193.04, 
192.88, 189.16, 189.34, 188.32, 193.6, 190.8, 190.46, 190.26, 
189.92, 189.64, 192.22, 190.56, 191.48, 188.94, 189.28, 189.12, 
190.72, 190.16, 191.9, 189.96, 189.66, 187.44, 191.86, 190.32, 
189.12, 191.14, 190.9, 188.86, 190.8, 189.34, 193.54, 188.64, 
187.74, 187.3, 191.68, 190.46, 190.52, 191.34, 192.68, 189.32, 
189.08, 193.56, 189.14, 192.64, 189.84, 190.98, 190.54, 186.94, 
190.68, 189.84, 188, 191.02, 188.86, 189.08, 191.5, 189.38, 192.2, 
192.86, 186.86, 190.94, 188.44, 188.66, 187.9, 190.24, 188.86, 
190.6, 193.28, 190.84, 189.96, 191.62, 188.84, 187.42, 190.1, 
186.44, 188.08, 192.32, 188.08, 190.88, 192.08, 187.7, 189.2, 
189.2, 189.54, 194.48, 190.58, 191.18, 190.54, 194.54, 189.64, 
187.96, 189.78, 191.12, 189.12, 190.56, 190.42, 188.18, 193, 
192.8, 190.2, 189.28, 191.94, 191.42, 190.64, 187.9, 191.78, 
187.94, 192.4, 189.84, 187.74, 191.1, 192.1, 191.34, 187.94, 
189.46, 189.7, 187.2, 190.78, 192.48, 189.54, 190, 187.54, 190.24, 
192.34, 190.22, 189.12, 191.46, 190.22, 188.9, 192.84, 190.5, 
191.98, 188.28, 186.96, 192.84, 191.22, 188.62, 190.46, 189.84, 
191.12, 188.68, 187.64, 191.5, 191.14, 191.62, 189.74)), row.names = c(NA, 
1000L),