structure(list(weight = structure(c(209, 210, 186, 184, 205, 
182, 184, 183, 175, 183, 171, 216, 198, 180, 174, 197, 187, 186, 
175, 173, 216, 177, 182, 207, 203, 191, 189, 173, 175, 191, 189, 
178, 179, 221, 171, 175, 190, 190, 185, 179, 184, 216, 195, 204, 
199, 192, 181, 188, 190, 197), family = "SN", parameters = c(175, 
20, 5, 0))), row.names = c(NA, -50L), class = c("tbl_df", "tbl", 
"data.frame"))
