structure(list(income = c(16000L, 44800L, 13900L, 60000L, 13400L, 
62000L, 160000L, 0L, 50000L, 45500L, 0L, 20700L, 25350L, 53500L, 
0L, 0L, 5000L, 12004L, 13500L, 33000L, 170000L, 29200L, 116390L, 
10000L, 23700L, 20000L, 30000L, 6500L, 0L, 27000L, 34400L, 10600L, 
13500L, 3000L, 41000L, 3000L, 32700L, 14100L, 25000L, 18500L, 
35200L, 0L, 40000L, 70000L, 19900L, 12000L, 20000L, 50020L, 54450L, 
66700L, 50000L, 55000L, 39300L, 43000L, 600L, 10600L, 32000L, 
1540L, 0L, 0L, 50000L, 0L, 27600L, 36100L, 6500L, 35000L, 12000L, 
30000L, 12000L, 55000L, 30000L, 36000L, 36000L, 0L, 10000L, 2000L, 
23000L, 23700L, 8100L, 28900L, 19900L, 82100L, 48900L, 18500L, 
13210L, 6690L, 24900L, 79100L, 65000L, 19500L, 0L, 0L, 39300L, 
40040L, 10780L, 21800L, 21000L, 49700L, 75600L, 52490L, 10000L, 
36000L, 22600L, 13800L, 76300L, 81000L, 51910L, 134000L, 18000L, 
3200L, 13000L, 48700L, 47990L, 24800L, 70000L, 86000L, 29900L, 
0L, 24000L, 850L, 39000L, 33000L, 12000L, 54450L, 36600L, 35200L, 
37700L, 13900L, 0L, 6400L, 53500L, 18000L, 23100L, 40040L, 36004L, 
2000L, 5300L, 206900L, 96030L, 50000L, 1400L, 50020L, 170000L, 
37060L, 30000L, 75600L, 0L, 24600L, 33000L, 0L, 92000L, 9000L, 
6000L, 0L, 16700L, 5600L, 2010L, 35000L, 27600L, 0L, 2000L, 25000L, 
42000L, 28000L, 5600L, 2800L, 42000L, 0L, 0L, 0L, 23000L, 22100L, 
13800L, 40000L, 60000L, 16500L, 17500L, 0L, 3200L, 30000L, 12000L, 
10000L, 60000L, 32600L, 6000L, 37700L, 11000L, 17000L, 12500L, 
2600L, 23700L, 25700L, 6000L, 76300L, 5600L, 66000L, 3600L, 55000L, 
13000L, 16600L, 13900L, 35000L, 24000L, 32000L, 130L, 62000L, 
0L, 55000L, 490L, 16700L, 5600L, 29900L, 20000L, 20000L, 54450L, 
75600L, 152400L, 86000L, 17860L, 55000L, 25000L, 32000L, 0L, 
25000L, 13570L, 32500L, 0L, 6500L, 62400L, 16000L, 13000L, 37600L, 
21000L, 55100L, 40240L, 15000L, 12000L, 37600L, 4000L, 11000L, 
95000L, 20000L, 20000L, 61100L, 21000L, 40000L, 13400L, 27000L, 
3800L, 40040L, 19600L, 70000L, 4000L, 8500L, 2000L, 8000L, 10000L, 
0L, 6400L, 22600L, 32000L, 44800L, 13570L, 29500L, 50000L, 96030L, 
9600L, 6000L, 830L, 206900L, 17900L, 55100L, 6900L, 8300L, 20000L, 
60000L, 3000L, 25350L, 22000L, 2600L, 32000L, 0L, 500L, 80000L, 
33600L, 40240L, 0L, 20000L, 27000L, 10400L, 10400L, 19000L, 18200L, 
21000L, 5600L, 41000L, 10600L, 10600L, 18000L, 830L, 55100L, 
2800L, 23700L, 44000L, 32000L, 115000L, 1400L, 0L, 33600L, 420L, 
22000L, 46200L, 29000L, 60400L, 41300L, 25000L, 31900L, 18000L, 
25000L, 19000L, 34400L, 40000L, 55000L, 12000L, 10600L, 30400L, 
12400L, 36004L, 12004L, 17900L, 6900L, 16100L, 20000L, 10900L, 
9000L, 46200L, 24600L, 15000L, 490L, 6500L, 5600L, 0L, 41000L, 
28900L, 16000L, 70000L, 0L, 5100L, 20000L, 20000L, 17500L, 90000L, 
44800L, 16000L, 60400L, 66000L, 5300L, 20700L, 16100L, 36000L, 
20000L, 60400L, 30400L, 3200L, 30000L, 9000L, 29000L, 32600L, 
31900L, 25820L, 32000L, 17000L, 9000L, 53500L, 52490L, 40000L, 
13000L, 24500L, 51800L, 43000L, 8400L, 54450L, 67900L, 8700L, 
0L, 2600L, 33600L, 14100L, 27200L, 20000L, 500L, 17500L, 0L, 
40000L, 7500L, 830L, 16500L, 6000L, 70000L, 206900L, 0L, 21000L, 
127000L, 127000L, 16100L, 61100L, 134000L, 16600L, 23200L, 30100L, 
0L, 14100L, 29000L, 36000L, 30300L, 12000L, 0L, 75600L, 35000L, 
206900L, 500L, 18000L, 25700L, 70800L, 32000L, 32000L, 36000L, 
33000L, 10780L, 0L, 38300L, 29300L, 54450L, 40000L, 27000L, 7500L, 
55000L, 12400L, 60000L, 16100L, 6400L, 82100L, 6900L, 23200L, 
35000L, 21000L, 27000L, 51000L, 5100L, 36000L, 29000L, 5100L, 
29900L, 29900L, 24600L, 25700L, 33600L, 23200L, 700L, 46200L, 
850L, 29300L, 66700L, 50000L, 2500L, 0L, 14100L, 0L, 36000L, 
31900L, 12000L, 67900L, 62000L, 13400L, 20000L, 19600L, 20000L, 
0L, 22000L, 59300L, 10010L, 36000L, 16100L, 30000L, 32700L, 11000L, 
24600L, 60000L, 17500L, 48700L, 52490L, 54450L, 13210L, 28000L, 
5000L, 0L, 75400L, 30000L, 13600L, 600L, 11000L, 37600L, 27000L, 
27000L, 13130L, 830L, 0L, 23200L, 30300L, 36000L, 0L, 20000L, 
44000L, 86700L, 62000L, 14000L, 5600L, 900L, 29300L, 112000L, 
44800L, 25700L, 6900L, 900L, 830L, 10000L, 20000L, 43000L, 7100L, 
12000L, 75400L, 16600L, 33600L, 13900L, 13000L, 20000L, 5000L, 
0L, 0L, 29000L, 27000L, 36100L, 23000L, 5000L, 66000L, 170000L, 
20800L, 23100L, 25820L, 12500L, 20000L, 12000L, 24100L, 22100L, 
0L, 21000L, 14000L, 20000L, 62000L, 33600L, 60400L, 150000L, 
9000L, 40000L, 5600L, 30000L, 3800L, 14000L, 16100L, 6400L, 25820L, 
49700L, 0L, 60000L, 66000L, 16700L, 36600L, 41000L, 38300L, 6500L, 
10000L, 5600L, 22600L, 0L, 8300L, 9200L, 6000L, 43000L, 0L, 23000L, 
70800L, 16600L, 20000L, 0L, 30000L, 6900L, 10000L, 41000L, 25000L, 
0L, 80000L, 2500L, 150000L, 22600L, 12500L, 30400L, 8500L, 50000L, 
21800L, 30300L, 30100L, 51800L, 2000L, 2500L, 900L, 5500L, 37600L, 
45500L, 32700L, 50000L, 40240L, 53500L, 29300L, 25000L, 25820L, 
11000L, 9600L, 10000L, 4000L, 14920L, 24800L, 5600L, 55000L, 
5600L, 17860L, 75600L, 25000L, 23700L, 32000L, 13210L, 30000L, 
37600L, 25000L, 55000L, 44000L, 19000L, 6900L, 86000L, 54000L, 
8000L, 13900L, 3600L, 35000L, 105200L, 490L, 55000L, 5600L, 15000L, 
20000L, 12000L, 30400L, 1540L, 8100L, 4560L, 31000L, 33000L, 
18500L, 84900L, 12000L, 12000L, 30400L, 0L, 20100L, 5600L, 36004L, 
37060L, 0L, 27000L, 6000L, 18000L, 206900L, 80000L, 0L, 16000L, 
36004L, 19500L, 13600L, 0L, 67900L, 12390L, 27600L, 25000L, 44000L, 
0L, 600L, 49000L, 14000L, 0L, 500L, 23200L, 62000L, 12000L, 29200L, 
6500L, 13600L, 14000L, 19800L, 10900L, 6400L, 66000L, 10000L, 
6000L, 18200L, 30000L, 36100L, 36600L, 32000L, 20000L, 11000L, 
32000L, 16000L, 25000L, 20000L, 34400L, 18500L, 17000L, 17500L, 
9000L, 170000L, 36100L, 44800L, 51000L, 20000L, 17000L, 14200L, 
22100L, 24800L, 95000L, 35000L, 9300L, 13000L, 0L, 126000L, 32000L, 
900L, 51000L, 29000L, 29500L, 21000L, 0L, 7600L, 50020L, 34000L, 
13400L, 8840L, 143230L, 40240L, 36000L, 8500L, 29000L, 90000L, 
5600L, 5300L, 150000L, 41600L, 25000L, 47700L, 40000L, 29900L, 
27200L, 18000L, 32000L, 3200L, 47990L, 92000L, 80000L, 13570L, 
20000L, 20000L, 14000L, 0L, 0L, 70000L, 50020L, 22000L, 8100L, 
27000L, 19500L, 66000L, 96030L, 150000L, 50000L, 36000L, 0L, 
33000L, 8100L, 13400L, 13400L, 32000L, 54000L, 39000L, 500L, 
44000L, 18200L, 115000L, 490L, 55000L, 130L, 10000L, 32000L, 
13570L, 50000L, 29200L, 40040L, 33600L, 19600L, 2800L, 3800L, 
0L, 105200L, 14100L, 23200L, 2000L, 32000L, 82100L, 39000L, 70000L, 
25820L, 10600L, 65200L, 24000L, 24600L, 18500L, 6900L, 50020L, 
2300L, 21000L, 13210L, 3750L, 8840L, 60400L, 23100L, 6690L, 33600L, 
34000L, 30400L, 44000L, 7600L, 60000L, 105200L, 0L, 32000L, 0L, 
12000L, 0L, 7100L, 0L, 31000L, 2000L, 2000L, 0L, 3000L, 8300L, 
127000L, 900L, 55000L, 14920L, 1400L, 0L, 29500L, 25000L, 51910L, 
7600L, 50000L, 25010L, 50000L, 49000L, 27200L, 5000L, 22000L, 
49000L, 0L, 2010L, 4560L, 0L, 23700L, 12400L, 95000L, 10600L, 
10780L, 54400L, 0L, 30000L, 12000L, 10000L, 12000L, 33600L, 39300L, 
30400L, 30000L, 0L, 32500L, 6100L, 13600L, 30000L, 39300L, 6000L, 
50000L, 500L, 22000L, 40240L, 150000L, 37060L, 66000L, 19800L, 
82100L, 40000L, 0L, 22600L, 49700L, 25000L, 33600L, 0L, 152400L, 
0L, 23200L, 143230L, 0L, 0L, 44800L, 9300L, 19600L, 16500L, 9300L, 
11000L, 25000L, 79100L, 5500L, 61100L, 25000L, 18000L, 66000L, 
3600L, 32600L, 2300L, 0L, 32700L, 81000L, 0L, 35000L, 96030L, 
5600L, 30000L, 8500L, 25350L, 0L, 8100L, 134000L, 18000L, 60400L, 
36000L, 9000L, 18500L, 28000L, 5100L, 10000L, 152400L, 48900L, 
25000L, 3800L, 150000L, 62400L, 39300L, 0L, 49000L, 4000L, 25000L, 
51800L, 37060L, 0L, 35000L, 23200L, 25000L, 17000L, 36000L, 12004L, 
13130L, 18500L, 0L, 2000L, 49000L, 0L, 36100L, 35000L, 55100L, 
12000L, 81000L, 0L, 61100L, 0L, 8700L, 27000L, 32000L, 33000L, 
0L, 60000L, 23200L, 25350L, 46200L, 15000L, 34000L, 500L, 150000L, 
16700L, 75400L, 95000L, 65200L, 6690L, 0L, 70000L, 127000L, 41300L, 
35200L, 90000L, 50000L, 2000L, 700L, 35000L, 25000L, 3200L, 20000L, 
38300L, 500L, 13130L, 30400L, 28000L, 25000L, 84900L, 40000L, 
0L, 170000L, 23100L, 21000L, 13500L, 49200L, 1540L, 7800L, 500L, 
